[gd_scene load_steps=13 format=2]

[ext_resource path="res://Scenes/Terrain.tscn" type="PackedScene" id=1]
[ext_resource path="res://Scenes/Player.tscn" type="PackedScene" id=2]
[ext_resource path="res://Scenes/Rocks/Rock03.tscn" type="PackedScene" id=3]
[ext_resource path="res://Scenes/Rocks/Rock01.tscn" type="PackedScene" id=4]
[ext_resource path="res://Scenes/Rocks/Rock02.tscn" type="PackedScene" id=5]
[ext_resource path="res://Scenes/Mountains/Mountain01.tscn" type="PackedScene" id=6]
[ext_resource path="res://Scripts/World.gd" type="Script" id=7]
[ext_resource path="res://Scenes/EnemySatellite/EnemySatellite.tscn" type="PackedScene" id=8]
[ext_resource path="res://Scenes/RailgunTurretPickUp.tscn" type="PackedScene" id=9]
[ext_resource path="res://Scenes/EnemyTank/EnemyTank.tscn" type="PackedScene" id=10]
[ext_resource path="res://Scenes/Base/HPlatform.tscn" type="PackedScene" id=11]

[sub_resource type="Animation" id=1]
resource_name = "Orbit"
length = 300.0
step = 10.0
tracks/0/type = "value"
tracks/0/path = NodePath(".:translation")
tracks/0/interp = 1
tracks/0/loop_wrap = true
tracks/0/imported = false
tracks/0/enabled = true
tracks/0/keys = {
"times": PoolRealArray( 0, 30, 60, 90, 150, 230, 300 ),
"transitions": PoolRealArray( 1, 1, 1, 1, 1, 1, 1 ),
"update": 0,
"values": [ Vector3( 1600, 0, 0 ), Vector3( 1500, 250, 0 ), Vector3( 1400, 500, 0 ), Vector3( 1300, 700, 0 ), Vector3( 1000, 800, 0 ), Vector3( 500, 900, 0 ), Vector3( 0, 1000, 0 ) ]
}

[node name="World" type="Spatial"]
script = ExtResource( 7 )

[node name="Terrain" type="Spatial" parent="."]

[node name="Terrain" parent="Terrain" instance=ExtResource( 1 )]

[node name="Terrain2" parent="Terrain" instance=ExtResource( 1 )]
transform = Transform( 1, 0, 0, 0, 1, 0, 0, 0, 1, 0, 0, -1000 )

[node name="Terrain3" parent="Terrain" instance=ExtResource( 1 )]
transform = Transform( 1, 0, 0, 0, 1, 0, 0, 0, 1, 1000, 0, -1000 )

[node name="Terrain4" parent="Terrain" instance=ExtResource( 1 )]
transform = Transform( 1, 0, 0, 0, 1, 0, 0, 0, 1, 1000, 0, 0 )

[node name="Terrain5" parent="Terrain" instance=ExtResource( 1 )]
transform = Transform( 1, 0, 0, 0, 1, 0, 0, 0, 1, 1000, 0, 1000 )

[node name="Terrain6" parent="Terrain" instance=ExtResource( 1 )]
transform = Transform( 1, 0, 0, 0, 1, 0, 0, 0, 1, 0, 0, 1000 )

[node name="Terrain7" parent="Terrain" instance=ExtResource( 1 )]
transform = Transform( 1, 0, 0, 0, 1, 0, 0, 0, 1, -1000, 0, 1000 )

[node name="Terrain8" parent="Terrain" instance=ExtResource( 1 )]
transform = Transform( 1, 0, 0, 0, 1, 0, 0, 0, 1, -1000, 0, 0 )

[node name="Terrain9" parent="Terrain" instance=ExtResource( 1 )]
transform = Transform( 1, 0, 0, 0, 1, 0, 0, 0, 1, -1000, 0, -1000 )

[node name="Sun" type="DirectionalLight" parent="."]
transform = Transform( 1, 0, 0, 0, 0.766022, 0.642814, 0, -0.642814, 0.766022, 0, 18.9602, 89.7835 )
light_color = Color( 0.839216, 0.831373, 0.72549, 1 )
shadow_enabled = true

[node name="Player" parent="." instance=ExtResource( 2 )]
transform = Transform( 1, 0, 0, 0, 1, 0, 0, 0, 1, 0.442902, 0.100192, 0 )

[node name="ColorRect" parent="Player/Tank/VelocityDisplay" index="0"]
margin_bottom = 92.0

[node name="Rocks" type="Spatial" parent="."]

[node name="Rock01" parent="Rocks" instance=ExtResource( 4 )]
transform = Transform( 1, 0, 0, 0, 1, 0, 0, 0, 1, 39.7558, 0, -58.315 )

[node name="Rock08" parent="Rocks" instance=ExtResource( 4 )]
transform = Transform( 1, 0, 0, 0, 1, 0, 0, 0, 1, -52.5334, -1.52588e-05, -184.269 )

[node name="Rock12" parent="Rocks" instance=ExtResource( 4 )]
transform = Transform( 1, 0, 0, 0, 1, 0, 0, 0, 1, -172.863, -1.52588e-05, 341.523 )

[node name="Rock02" parent="Rocks" instance=ExtResource( 5 )]
transform = Transform( 1, 0, 0, 0, 1, 0, 0, 0, 1, 121.607, 1.32761, 41.063 )

[node name="Rock05" parent="Rocks" instance=ExtResource( 5 )]
transform = Transform( 1, 0, 0, 0, 1, 0, 0, 0, 1, -304.117, 1.32763, -147.085 )

[node name="Rock11" parent="Rocks" instance=ExtResource( 5 )]
transform = Transform( 1, 0, 0, 0, 1, 0, 0, 0, 1, -421.496, 1.32763, 199.212 )

[node name="Rock09" parent="Rocks" instance=ExtResource( 5 )]
transform = Transform( 1, 0, 0, 0, 1, 0, 0, 0, 1, 154.446, 1.32763, 334.356 )

[node name="Rock03" parent="Rocks" instance=ExtResource( 3 )]
transform = Transform( 1, 0, 0, 0, 1, 0, 0, 0, 1, 0, -0.211024, 49.3829 )

[node name="Rock07" parent="Rocks" instance=ExtResource( 3 )]
transform = Transform( 1, 0, 0, 0, 1, 0, 0, 0, 1, 275.55, -0.21104, -267.006 )

[node name="Rock06" parent="Rocks" instance=ExtResource( 3 )]
transform = Transform( 1, 0, 0, 0, 1, 0, 0, 0, 1, -221.637, -0.211024, 148.397 )

[node name="Rock10" parent="Rocks" instance=ExtResource( 3 )]
transform = Transform( 1, 0, 0, 0, 1, 0, 0, 0, 1, 355.993, -0.211024, 176.64 )

[node name="Rock04" parent="Rocks" instance=ExtResource( 4 )]
transform = Transform( 1, 0, 0, 0, 1, 0, 0, 0, 1, -66.9554, 0, 114.554 )

[node name="Mountains" type="Spatial" parent="."]

[node name="Mountain01" parent="Mountains" instance=ExtResource( 6 )]
transform = Transform( 1, 0, 0, 0, 1, 0, 0, 0, 1, 381.59, -3.19701, -426.675 )

[node name="Mountain09" parent="Mountains" instance=ExtResource( 6 )]
transform = Transform( 0.769678, 0, -0.638432, 0, 1, 0, 0.638432, 0, 0.769678, 437.525, -3.19701, -465.703 )

[node name="Mountain02" parent="Mountains" instance=ExtResource( 6 )]
transform = Transform( 0.328685, 0, -0.94444, 0, 1, 0, 0.94444, 0, 0.328685, 381.59, -3.40378, 405.968 )

[node name="Mountain06" parent="Mountains" instance=ExtResource( 6 )]
transform = Transform( -0.80692, 0, -0.590662, 0, 1, 0, 0.590662, 0, -0.80692, 438.203, -3.40378, 405.968 )

[node name="Mountain07" parent="Mountains" instance=ExtResource( 6 )]
transform = Transform( -0.984399, 0, 0.175951, 0, 1, 0, -0.175951, 0, -0.984399, 396.488, -3.40378, 484.678 )

[node name="Mountain08" parent="Mountains" instance=ExtResource( 6 )]
transform = Transform( -0.655057, 0, 0.75558, 0, 1, 0, -0.75558, 0, -0.655057, 341.885, -3.40378, 484.678 )

[node name="Mountain03" parent="Mountains" instance=ExtResource( 6 )]
transform = Transform( -0.992132, 0, 0.125195, 0, 1, 0, -0.125195, 0, -0.992132, -241.498, -2.63597, 8.35931 )

[node name="Mountain05" parent="Mountains" instance=ExtResource( 6 )]
transform = Transform( -0.673954, 0, 0.738773, 0, 1, 0, -0.738773, 0, -0.673954, -697.029, -2.63597, 809.837 )

[node name="Mountain04" parent="Mountains" instance=ExtResource( 6 )]
transform = Transform( -0.704485, 0, 0.709718, 0, 1, 0, -0.709718, 0, -0.704485, -689.608, -2.63597, -682.767 )

[node name="EnemySatellite" parent="." instance=ExtResource( 8 )]
transform = Transform( 5, 0, 0, 0, 5, 0, 0, 0, 5, 1600, 0, 0 )

[node name="AnimationPlayer" type="AnimationPlayer" parent="EnemySatellite"]
autoplay = "Orbit"
anims/Orbit = SubResource( 1 )

[node name="RailgunTurretPickUp" parent="." instance=ExtResource( 9 )]
transform = Transform( 1, 0, 0, 0, 1, 0, 0, 0, 1, -6.9157, 0.0899167, 0.328424 )
visible = false

[node name="EnemyTanks" type="Spatial" parent="."]

[node name="EnemyTank01" parent="EnemyTanks" instance=ExtResource( 10 )]
transform = Transform( 1, 0, 0, 0, 1, 0, 0, 0, 1, 276.769, 0, 258.39 )

[node name="EnemyTank02" parent="EnemyTanks" instance=ExtResource( 10 )]
transform = Transform( -0.292939, 0, -0.956131, 0, 1, 0, 0.956131, 0, -0.292939, 365.052, 14.4028, -428.126 )

[node name="EnemyTank03" parent="EnemyTanks" instance=ExtResource( 10 )]
transform = Transform( 0.981561, 0, 0.191152, 0, 1, 0, -0.191152, 0, 0.981561, -221.825, 0.0115933, 175.359 )

[node name="EnemyTank04" parent="EnemyTanks" instance=ExtResource( 10 )]
transform = Transform( 0.998057, 0, 0.062303, 0, 1, 0, -0.062303, 0, 0.998057, -221.825, 0.0115933, -311.409 )

[node name="EnemyTank05" parent="EnemyTanks" instance=ExtResource( 10 )]
transform = Transform( 0.34325, 0, 0.939244, 0, 1, 0, -0.939244, 0, 0.34325, 23.2892, 0.0115933, 432.366 )

[node name="EnemyTank06" parent="EnemyTanks" instance=ExtResource( 10 )]
transform = Transform( 0.462986, 0, 0.886365, 0, 1, 0, -0.886365, 0, 0.462986, 263.262, 0.0115933, -480.349 )

[node name="EnemyTank07" parent="EnemyTanks" instance=ExtResource( 10 )]
transform = Transform( -0.9319, 0, 0.362714, 0, 1, 0, -0.362714, 0, -0.9319, 382.602, 13.7679, 398.1 )

[node name="EnemyTank08" parent="EnemyTanks" instance=ExtResource( 10 )]
transform = Transform( 0.131235, 0, 0.991351, 0, 1, 0, -0.991351, 0, 0.131235, -230.855, 14.7484, 9.90187 )

[node name="EnemyTank09" parent="EnemyTanks" instance=ExtResource( 10 )]
transform = Transform( -0.997437, 0, 0.0715492, 0, 1, 0, -0.0715492, 0, -0.997437, 521.628, -0.27787, 9.90186 )

[node name="EnemyTank10" parent="EnemyTanks" instance=ExtResource( 10 )]
transform = Transform( 0.768619, 0, -0.639707, 0, 1, 0, 0.639707, 0, 0.768619, -23.5354, 0.0115933, -427.51 )

[node name="HPlatform" parent="." instance=ExtResource( 11 )]
transform = Transform( 3, 0, 0, 0, 3, 0, 0, 0, 3, 0.773105, 0.0654225, 0 )

[editable path="Player"]

[editable path="EnemySatellite"]
